"SVM linéaire  vectoriseur simple " 
              precision    recall  f1-score   support

        1940     0.0000    0.0000    0.0000         2
        1950     1.0000    0.0625    0.1176        16
        1960     0.1724    0.1316    0.1493        38
        1970     0.1304    0.1200    0.1250        50
        1980     0.1250    0.0469    0.0682        64
        1990     0.2083    0.2727    0.2362       110
        2000     0.3412    0.3898    0.3639       372
        2010     0.6899    0.7127    0.7011      1180
        2020     0.3299    0.2092    0.2560       153

    accuracy                         0.5355      1985
   macro avg     0.3330    0.2161    0.2241      1985
weighted avg     0.5297    0.5355    0.5270      1985
--------------------------------------------------------------------------------------------------------------------------------------------------------------------------------------------------------
"SVM linéaire  vectoriseur sans maj" 
              precision    recall  f1-score   support

        1940     0.0000    0.0000    0.0000         2
        1950     1.0000    0.0625    0.1176        16
        1960     0.1667    0.1316    0.1471        38
        1970     0.1304    0.1200    0.1250        50
        1980     0.1250    0.0469    0.0682        64
        1990     0.2028    0.2636    0.2292       110
        2000     0.3405    0.3844    0.3611       372
        2010     0.6879    0.7136    0.7005      1180
        2020     0.3196    0.2026    0.2480       153

    accuracy                         0.5340      1985
   macro avg     0.3303    0.2139    0.2219      1985
weighted avg     0.5272    0.5340    0.5250      1985
--------------------------------------------------------------------------------------------------------------------------------------------------------------------------------------------------------
"SVM linéaire  vectoriseur ngramme" 
              precision    recall  f1-score   support

        1940     0.0000    0.0000    0.0000         2
        1950     1.0000    0.0625    0.1176        16
        1960     0.2500    0.1053    0.1481        38
        1970     0.3125    0.1000    0.1515        50
        1980     0.1765    0.0469    0.0741        64
        1990     0.3010    0.2818    0.2911       110
        2000     0.3551    0.3656    0.3603       372
        2010     0.6796    0.8034    0.7363      1180
        2020     0.3333    0.1176    0.1739       153

    accuracy                         0.5773      1985
   macro avg     0.3787    0.2092    0.2281      1985
weighted avg     0.5393    0.5773    0.5447      1985
--------------------------------------------------------------------------------------------------------------------------------------------------------------------------------------------------------
"SVM linéaire  vectoriseur ngramme2" 
              precision    recall  f1-score   support

        1940     0.0000    0.0000    0.0000         2
        1950     1.0000    0.0625    0.1176        16
        1960     0.2000    0.0263    0.0465        38
        1970     0.0000    0.0000    0.0000        50
        1980     0.0000    0.0000    0.0000        64
        1990     0.4000    0.1818    0.2500       110
        2000     0.3146    0.2554    0.2819       372
        2010     0.6298    0.8347    0.7179      1180
        2020     0.2821    0.0719    0.1146       153

    accuracy                         0.5607      1985
   macro avg     0.3140    0.1592    0.1698      1985
weighted avg     0.4891    0.5607    0.5041      1985
--------------------------------------------------------------------------------------------------------------------------------------------------------------------------------------------------------
"SVM linéaire  vectoriseur ngramme3" 
              precision    recall  f1-score   support

        1940     0.0000    0.0000    0.0000         2
        1950     1.0000    0.0625    0.1176        16
        1960     0.2500    0.0263    0.0476        38
        1970     0.0000    0.0000    0.0000        50
        1980     0.0000    0.0000    0.0000        64
        1990     0.4615    0.1091    0.1765       110
        2000     0.3535    0.1882    0.2456       372
        2010     0.6206    0.9093    0.7377      1180
        2020     0.3500    0.0458    0.0809       153

    accuracy                         0.5864      1985
   macro avg     0.3373    0.1490    0.1562      1985
weighted avg     0.5006    0.5864    0.5024      1985
--------------------------------------------------------------------------------------------------------------------------------------------------------------------------------------------------------
