"Arbre de decision  vectoriseur simple " 
              precision    recall  f1-score   support

        1940     0.0000    0.0000    0.0000         2
        1950     0.0000    0.0000    0.0000        16
        1960     0.0000    0.0000    0.0000        38
        1970     0.8000    0.0800    0.1455        50
        1980     0.2500    0.0156    0.0294        64
        1990     0.7500    0.0545    0.1017       110
        2000     0.4000    0.0108    0.0209       372
        2010     0.6034    0.9669    0.7431      1180
        2020     0.4478    0.1961    0.2727       153

    accuracy                         0.5975      1985
   macro avg     0.3612    0.1471    0.1459      1985
weighted avg     0.5379    0.5975    0.4769      1985
--------------------------------------------------------------------------------------------------------------------------------------------------------------------------------------------------------
"Arbre de decision  vectoriseur sans maj" 
              precision    recall  f1-score   support

        1940     0.0000    0.0000    0.0000         2
        1950     0.0000    0.0000    0.0000        16
        1960     0.0000    0.0000    0.0000        38
        1970     0.6667    0.0800    0.1429        50
        1980     0.2500    0.0156    0.0294        64
        1990     0.6364    0.0636    0.1157       110
        2000     0.3750    0.0081    0.0158       372
        2010     0.6024    0.9644    0.7416      1180
        2020     0.4478    0.1961    0.2727       153

    accuracy                         0.5960      1985
   macro avg     0.3309    0.1475    0.1465      1985
weighted avg     0.5230    0.5960    0.4758      1985
--------------------------------------------------------------------------------------------------------------------------------------------------------------------------------------------------------
"Arbre de decision  vectoriseur ngramme" 
              precision    recall  f1-score   support

        1940     0.0000    0.0000    0.0000         2
        1950     0.0000    0.0000    0.0000        16
        1960     0.0000    0.0000    0.0000        38
        1970     0.5000    0.0800    0.1379        50
        1980     0.0000    0.0000    0.0000        64
        1990     0.8750    0.0636    0.1186       110
        2000     0.4483    0.0349    0.0648       372
        2010     0.6021    0.9568    0.7391      1180
        2020     0.4308    0.1830    0.2569       153

    accuracy                         0.5950      1985
   macro avg     0.3174    0.1465    0.1464      1985
weighted avg     0.5362    0.5950    0.4814      1985
--------------------------------------------------------------------------------------------------------------------------------------------------------------------------------------------------------
"Arbre de decision  vectoriseur ngramme2" 
              precision    recall  f1-score   support

        1940     0.0000    0.0000    0.0000         2
        1950     0.0000    0.0000    0.0000        16
        1960     0.0000    0.0000    0.0000        38
        1970     0.0000    0.0000    0.0000        50
        1980     0.0000    0.0000    0.0000        64
        1990     1.0000    0.0818    0.1513       110
        2000     0.5714    0.0323    0.0611       372
        2010     0.6044    0.9864    0.7495      1180
        2020     0.5862    0.1111    0.1868       153

    accuracy                         0.6055      1985
   macro avg     0.3069    0.1346    0.1276      1985
weighted avg     0.5670    0.6055    0.4798      1985
--------------------------------------------------------------------------------------------------------------------------------------------------------------------------------------------------------
"Arbre de decision  vectoriseur ngramme3" 
              precision    recall  f1-score   support

        1940     0.0000    0.0000    0.0000         2
        1950     0.0000    0.0000    0.0000        16
        1960     0.0000    0.0000    0.0000        38
        1970     0.0000    0.0000    0.0000        50
        1980     0.0000    0.0000    0.0000        64
        1990     1.0000    0.0818    0.1513       110
        2000     0.5714    0.0323    0.0611       372
        2010     0.6046    0.9873    0.7499      1180
        2020     0.6071    0.1111    0.1878       153

    accuracy                         0.6060      1985
   macro avg     0.3092    0.1347    0.1278      1985
weighted avg     0.5687    0.6060    0.4801      1985
--------------------------------------------------------------------------------------------------------------------------------------------------------------------------------------------------------
