"Support vecteur machine sans stat  vectoriseur simple " 
              precision    recall  f1-score   support

        1940     0.0000    0.0000    0.0000         2
        1950     0.0000    0.0000    0.0000        16
        1960     0.0000    0.0000    0.0000        38
        1970     0.0000    0.0000    0.0000        50
        1980     0.0000    0.0000    0.0000        64
        1990     1.0000    0.0091    0.0180       110
        2000     1.0000    0.0108    0.0213       372
        2010     0.5963    1.0000    0.7471      1180
        2020     1.0000    0.0065    0.0130       153

    accuracy                         0.5975      1985
   macro avg     0.3996    0.1140    0.0888      1985
weighted avg     0.6744    0.5975    0.4501      1985
--------------------------------------------------------------------------------------------------------------------------------------------------------------------------------------------------------
"Support vecteur machine sans stat  vectoriseur sans maj" 
              precision    recall  f1-score   support

        1940     0.0000    0.0000    0.0000         2
        1950     0.0000    0.0000    0.0000        16
        1960     0.0000    0.0000    0.0000        38
        1970     0.0000    0.0000    0.0000        50
        1980     0.0000    0.0000    0.0000        64
        1990     1.0000    0.0091    0.0180       110
        2000     1.0000    0.0108    0.0213       372
        2010     0.5963    1.0000    0.7471      1180
        2020     1.0000    0.0065    0.0130       153

    accuracy                         0.5975      1985
   macro avg     0.3996    0.1140    0.0888      1985
weighted avg     0.6744    0.5975    0.4501      1985
--------------------------------------------------------------------------------------------------------------------------------------------------------------------------------------------------------
"Support vecteur machine sans stat  vectoriseur ngramme" 
              precision    recall  f1-score   support

        1940     0.0000    0.0000    0.0000         2
        1950     0.0000    0.0000    0.0000        16
        1960     0.0000    0.0000    0.0000        38
        1970     0.0000    0.0000    0.0000        50
        1980     0.0000    0.0000    0.0000        64
        1990     1.0000    0.0091    0.0180       110
        2000     1.0000    0.0027    0.0054       372
        2010     0.5954    1.0000    0.7464      1180
        2020     1.0000    0.0065    0.0130       153

    accuracy                         0.5960      1985
   macro avg     0.3995    0.1131    0.0870      1985
weighted avg     0.6738    0.5960    0.4467      1985
--------------------------------------------------------------------------------------------------------------------------------------------------------------------------------------------------------
"Support vecteur machine sans stat  vectoriseur ngramme2" 
              precision    recall  f1-score   support

        1940     0.0000    0.0000    0.0000         2
        1950     0.0000    0.0000    0.0000        16
        1960     0.0000    0.0000    0.0000        38
        1970     0.0000    0.0000    0.0000        50
        1980     0.0000    0.0000    0.0000        64
        1990     1.0000    0.0091    0.0180       110
        2000     1.0000    0.0054    0.0107       372
        2010     0.5954    1.0000    0.7464      1180
        2020     0.0000    0.0000    0.0000       153

    accuracy                         0.5960      1985
   macro avg     0.2884    0.1127    0.0861      1985
weighted avg     0.5967    0.5960    0.4467      1985
--------------------------------------------------------------------------------------------------------------------------------------------------------------------------------------------------------
"Support vecteur machine sans stat  vectoriseur ngramme3" 
              precision    recall  f1-score   support

        1940     0.0000    0.0000    0.0000         2
        1950     0.0000    0.0000    0.0000        16
        1960     0.0000    0.0000    0.0000        38
        1970     0.0000    0.0000    0.0000        50
        1980     0.0000    0.0000    0.0000        64
        1990     1.0000    0.0091    0.0180       110
        2000     1.0000    0.0054    0.0107       372
        2010     0.5957    1.0000    0.7466      1180
        2020     1.0000    0.0065    0.0130       153

    accuracy                         0.5965      1985
   macro avg     0.3995    0.1134    0.0876      1985
weighted avg     0.6740    0.5965    0.4478      1985
--------------------------------------------------------------------------------------------------------------------------------------------------------------------------------------------------------
