"Perceptron  vectoriseur simple " 
              precision    recall  f1-score   support

        1940     0.0000    0.0000    0.0000         2
        1950     0.5000    0.0625    0.1111        16
        1960     0.3333    0.2632    0.2941        38
        1970     0.1250    0.0600    0.0811        50
        1980     0.0625    0.0469    0.0536        64
        1990     0.2381    0.1364    0.1734       110
        2000     0.3494    0.4086    0.3767       372
        2010     0.7159    0.7475    0.7313      1180
        2020     0.3445    0.2680    0.3015       153

    accuracy                         0.5577      1985
   macro avg     0.2965    0.2214    0.2359      1985
weighted avg     0.5464    0.5577    0.5485      1985
--------------------------------------------------------------------------------------------------------------------------------------------------------------------------------------------------------
"Perceptron  vectoriseur sans maj" 
              precision    recall  f1-score   support

        1940     0.0000    0.0000    0.0000         2
        1950     0.5000    0.0625    0.1111        16
        1960     0.3333    0.2632    0.2941        38
        1970     0.1250    0.0600    0.0811        50
        1980     0.0625    0.0469    0.0536        64
        1990     0.2381    0.1364    0.1734       110
        2000     0.3494    0.4086    0.3767       372
        2010     0.7159    0.7475    0.7313      1180
        2020     0.3445    0.2680    0.3015       153

    accuracy                         0.5577      1985
   macro avg     0.2965    0.2214    0.2359      1985
weighted avg     0.5464    0.5577    0.5485      1985
--------------------------------------------------------------------------------------------------------------------------------------------------------------------------------------------------------
"Perceptron  vectoriseur ngramme" 
              precision    recall  f1-score   support

        1940     0.0000    0.0000    0.0000         2
        1950     0.3333    0.0625    0.1053        16
        1960     0.2308    0.0789    0.1176        38
        1970     0.0909    0.0400    0.0556        50
        1980     0.1905    0.0625    0.0941        64
        1990     0.2519    0.3000    0.2739       110
        2000     0.3926    0.3441    0.3668       372
        2010     0.6840    0.8034    0.7389      1180
        2020     0.3500    0.1373    0.1972       153

    accuracy                         0.5743      1985
   macro avg     0.2804    0.2032    0.2166      1985
weighted avg     0.5367    0.5743    0.5459      1985
--------------------------------------------------------------------------------------------------------------------------------------------------------------------------------------------------------
"Perceptron  vectoriseur ngramme2" 
              precision    recall  f1-score   support

        1940     0.0000    0.0000    0.0000         2
        1950     0.1667    0.1250    0.1429        16
        1960     0.1429    0.0526    0.0769        38
        1970     0.1875    0.0600    0.0909        50
        1980     0.1111    0.0312    0.0488        64
        1990     0.2597    0.1818    0.2139       110
        2000     0.3198    0.2124    0.2553       372
        2010     0.6565    0.7644    0.7063      1180
        2020     0.2833    0.1111    0.1596       153

    accuracy                         0.5174      1985
   macro avg     0.2364    0.1710    0.1883      1985
weighted avg     0.4988    0.5174    0.4984      1985
--------------------------------------------------------------------------------------------------------------------------------------------------------------------------------------------------------
"Perceptron  vectoriseur ngramme3" 
              precision    recall  f1-score   support

        1940     0.0000    0.0000    0.0000         2
        1950     0.0625    0.0625    0.0625        16
        1960     0.4545    0.1316    0.2041        38
        1970     0.2143    0.0600    0.0938        50
        1980     0.0000    0.0000    0.0000        64
        1990     0.2830    0.1364    0.1840       110
        2000     0.3462    0.1935    0.2483       372
        2010     0.6516    0.7814    0.7106      1180
        2020     0.2321    0.0850    0.1244       153

    accuracy                         0.5194      1985
   macro avg     0.2494    0.1611    0.1809      1985
weighted avg     0.5004    0.5194    0.4955      1985
--------------------------------------------------------------------------------------------------------------------------------------------------------------------------------------------------------
