"Random Forest  vectoriseur simple " 
              precision    recall  f1-score   support

        1940     0.0000    0.0000    0.0000         2
        1950     0.0000    0.0000    0.0000        16
        1960     0.0000    0.0000    0.0000        38
        1970     0.0000    0.0000    0.0000        50
        1980     0.0000    0.0000    0.0000        64
        1990     0.0000    0.0000    0.0000       110
        2000     0.0000    0.0000    0.0000       372
        2010     0.5945    1.0000    0.7457      1180
        2020     0.0000    0.0000    0.0000       153

    accuracy                         0.5945      1985
   macro avg     0.0661    0.1111    0.0829      1985
weighted avg     0.3534    0.5945    0.4433      1985
--------------------------------------------------------------------------------------------------------------------------------------------------------------------------------------------------------
"Random Forest  vectoriseur sans maj" 
              precision    recall  f1-score   support

        1940     0.0000    0.0000    0.0000         2
        1950     0.0000    0.0000    0.0000        16
        1960     0.0000    0.0000    0.0000        38
        1970     0.0000    0.0000    0.0000        50
        1980     0.0000    0.0000    0.0000        64
        1990     0.0000    0.0000    0.0000       110
        2000     0.0000    0.0000    0.0000       372
        2010     0.5945    1.0000    0.7457      1180
        2020     0.0000    0.0000    0.0000       153

    accuracy                         0.5945      1985
   macro avg     0.0661    0.1111    0.0829      1985
weighted avg     0.3534    0.5945    0.4433      1985
--------------------------------------------------------------------------------------------------------------------------------------------------------------------------------------------------------
"Random Forest  vectoriseur ngramme" 
              precision    recall  f1-score   support

        1940     0.0000    0.0000    0.0000         2
        1950     0.0000    0.0000    0.0000        16
        1960     0.0000    0.0000    0.0000        38
        1970     0.0000    0.0000    0.0000        50
        1980     0.0000    0.0000    0.0000        64
        1990     0.0000    0.0000    0.0000       110
        2000     0.0000    0.0000    0.0000       372
        2010     0.5945    1.0000    0.7457      1180
        2020     0.0000    0.0000    0.0000       153

    accuracy                         0.5945      1985
   macro avg     0.0661    0.1111    0.0829      1985
weighted avg     0.3534    0.5945    0.4433      1985
--------------------------------------------------------------------------------------------------------------------------------------------------------------------------------------------------------
"Random Forest  vectoriseur ngramme2" 
              precision    recall  f1-score   support

        1940     0.0000    0.0000    0.0000         2
        1950     0.0000    0.0000    0.0000        16
        1960     0.0000    0.0000    0.0000        38
        1970     0.0000    0.0000    0.0000        50
        1980     0.0000    0.0000    0.0000        64
        1990     0.0000    0.0000    0.0000       110
        2000     0.0000    0.0000    0.0000       372
        2010     0.5945    1.0000    0.7457      1180
        2020     0.0000    0.0000    0.0000       153

    accuracy                         0.5945      1985
   macro avg     0.0661    0.1111    0.0829      1985
weighted avg     0.3534    0.5945    0.4433      1985
--------------------------------------------------------------------------------------------------------------------------------------------------------------------------------------------------------
"Random Forest  vectoriseur ngramme3" 
              precision    recall  f1-score   support

        1940     0.0000    0.0000    0.0000         2
        1950     0.0000    0.0000    0.0000        16
        1960     0.0000    0.0000    0.0000        38
        1970     0.0000    0.0000    0.0000        50
        1980     0.0000    0.0000    0.0000        64
        1990     0.0000    0.0000    0.0000       110
        2000     0.0000    0.0000    0.0000       372
        2010     0.5945    1.0000    0.7457      1180
        2020     0.0000    0.0000    0.0000       153

    accuracy                         0.5945      1985
   macro avg     0.0661    0.1111    0.0829      1985
weighted avg     0.3534    0.5945    0.4433      1985
--------------------------------------------------------------------------------------------------------------------------------------------------------------------------------------------------------
