              precision    recall  f1-score   support

        1940     0.0000    0.0000    0.0000         2
        1950     0.5000    0.0625    0.1111        16
        1960     0.3333    0.2632    0.2941        38
        1970     0.1250    0.0600    0.0811        50
        1980     0.0625    0.0469    0.0536        64
        1990     0.2381    0.1364    0.1734       110
        2000     0.3494    0.4086    0.3767       372
        2010     0.7159    0.7475    0.7313      1180
        2020     0.3445    0.2680    0.3015       153

    accuracy                         0.5577      1985
   macro avg     0.2965    0.2214    0.2359      1985
weighted avg     0.5464    0.5577    0.5485      1985
